# Created by Octave 4.2.2, Tue May 22 12:59:24 2018 EDT <martin@Laptop>
# name: pvapTable
# type: matrix
# rows: 156
# columns: 2
 -15 1.2399
 -14.5 1.2983
 -14 1.3593
 -13.5 1.4228
 -13 1.489
 -12.5 1.5581
 -12 1.63
 -11.5 1.705
 -11 1.7832
 -10.5 1.8646
 -10 1.9494
 -9.5 2.0377
 -9 2.1297
 -8.5 2.2254
 -8 2.325
 -7.5 2.4287
 -7 2.5366
 -6.5 2.6489
 -6 2.7657
 -5.5 2.8872
 -5 3.0134
 -4.5 3.1448
 -4 3.2813
 -3.5 3.4232
 -3 3.5707
 -2.5 3.724
 -2 3.8832
 -1.5 4.0486
 -1 4.2204
 -0.5 4.3987
 0 4.584
 0.01 4.5878
 1 4.9286
 2 5.2954
 3 5.6861
 4 6.1021
 5 6.5449
 6 7.0158
 7 7.5164
 8 8.0482
 9 8.613
 10 9.212300000000001
 11 9.8483
 12 10.522
 13 11.237
 14 11.993
 15 12.795
 16 13.642
 17 14.539
 18 15.487
 19 16.489
 20 17.546
 21 18.663
 22 19.841
 23 21.085
 24 22.395
 25 23.776
 26 25.231
 27 26.763
 28 28.376
 29 30.071
 30 31.855
 31 33.73
 32 35.7
 33 37.769
 34 39.942
 35 42.221
 36 44.613
 37 47.121
 38 49.75
 39 52.506
 40 55.391
 41 58.413
 42 61.577
 43 64.886
 44 68.349
 45 71.968
 46 75.749
 47 79.709
 48 83.834
 49 88.14700000000001
 50 92.648
 51 97.343
 52 102.24
 53 107.35
 54 112.67
 55 118.23
 56 124.01
 57 130.03
 58 136.29
 59 142.82
 60 149.61
 61 156.67
 62 164.02
 63 171.65
 64 179.59
 65 187.83
 66 196.39
 67 205.28
 68 214.51
 69 224.09
 70 234.03
 71 244.33
 72 255.02
 73 266.11
 74 277.59
 75 289.49
 76 301.82
 77 314.58
 78 327.8
 79 341.48
 80 355.63
 81 370.28
 82 385.43
 83 401.1
 84 417.3
 85 434.04
 86 451.33
 87 469.21
 88 487.67
 89 506.73
 90 526.41
 91 546.72
 92 567.6799999999999
 93 589.3099999999999
 94 611.61
 95 634.61
 96 658.34
 97 682.78
 98 707.98
 99 733.95
 100 760
 101 787.5700000000001
 102 815.86
 103 845.12
 104 875.0599999999999
 105 906.0700000000001
 106 937.92
 107 970.6
 108 1004.42
 109 1038.92
 110 1074.56
 111 1111.2
 112 1148.74
 113 1187.42
 114 1227.25
 115 1267.98
 120 1489.14
 125 1740.93
 130 2026.1
 135 2347.26
 140 2710.92
 145 3116.76
 150 3570.48
 175 6694.08
 200 11659.16


